<?xml version="1.0"?>
<opencv_storage>
<images>
calibData201611100345/calib_20161110_01.jpg
calibData201611100345/calib_20161110_02.jpg
calibData201611100345/calib_20161110_03.jpg
calibData201611100345/calib_20161110_04.jpg
calibData201611100345/calib_20161110_05.jpg
calibData201611100345/calib_20161110_06.jpg
calibData201611100345/calib_20161110_07.jpg
calibData201611100345/calib_20161110_08.jpg
calibData201611100345/calib_20161110_09.jpg
calibData201611100345/calib_20161110_10.jpg
calibData201611100345/calib_20161110_11.jpg
calibData201611100345/calib_20161110_12.jpg
calibData201611100345/calib_20161110_13.jpg
calibData201611100345/calib_20161110_14.jpg
calibData201611100345/calib_20161110_15.jpg
calibData201611100345/calib_20161110_16.jpg
calibData201611100345/calib_20161110_17.jpg
calibData201611100345/calib_20161110_18.jpg
calibData201611100345/calib_20161110_19.jpg
calibData201611100345/calib_20161110_20.jpg
calibData201611100345/calib_20161110_21.jpg
calibData201611100345/calib_20161110_22.jpg
calibData201611100345/calib_20161110_23.jpg
calibData201611100345/calib_20161110_24.jpg
</images>
</opencv_storage>